t7	Normal	logNormal	binom0.3	binom0.2	pois15	pois10	pois7
1	-0.5763943598103	-0.601781785515531	11.8108484501474	3	5	20	10	5
2	-0.953469809968596	0.183048321310715	1.87017089679066	3	4	14	4	8
3	0.172721051588706	0.0404151812920521	0.581792585049545	2	4	13	10	3
4	-1.01332991288953	1.95637651293747	8.3004963837237	5	4	16	10	5
5	0.951163137858836	0.989502630157059	0.635836783265951	4	5	14	8	6
6	-1.69604822255606	-0.529081845929676	1.97949564483417	1	4	15	8	9
7	0.326423242928475	0.801767289847127	5.78835340572056	5	3	11	14	8
8	-0.925700788190287	-0.170033150898593	2.22138742954133	5	5	13	5	11
9	2.33645704329302	-0.516966947310917	0.135347742598985	5	2	18	11	8
10	-0.416174958286476	-0.865224099752522	0.914723998632511	3	1	18	13	4
11	-1.39122250318895	-0.091654672540213	0.566282950004156	4	7	13	14	6
12	-0.0843165255740782	1.94562397483536	4.13949577945672	3	9	10	9	10
13	0.023094284353925	0.476505774484341	3.26515055396645	7	9	17	11	8
14	-0.518158261967766	-1.17579018269693	0.364760814314864	3	7	11	9	8
15	1.76830733735597	2.64684371664457	4.75280562799144	2	3	12	11	5
16	-0.105018297424289	-0.805578906993574	0.864442454682128	1	6	19	13	7
17	1.6274004315768	-1.66047566449737	0.904603682585667	6	5	16	11	5
18	-3.71409734556662	0.383554526566911	1.58855749621541	2	6	14	14	8
19	-0.926124444186421	-0.102518929346212	0.4947730388883	2	7	13	5	9
20	0.126371983338602	0.840703103883464	1.71714092017705	2	4	19	10	10
21	0.415182501869745	-0.198317510760535	1.34985971194228	1	3	15	12	2
22	-0.752055825168495	-1.1188106943805	3.26117497425948	3	7	18	12	5
23	0.911310090076098	-2.03422001291404	1.66689879292242	5	6	16	11	5
24	-2.46065902985798	0.256084004037861	0.259040096266257	5	2	15	6	5
25	-0.715776864651373	-0.496269117956954	0.558030475843312	4	7	16	9	7
26	-0.111085666506405	-0.0999539940132029	1.67230693209447	4	2	14	9	6
27	-0.65652141838493	0.383120406486854	1.18762305398725	2	5	12	9	5
28	1.3455101370229	0.803311761444788	0.343038273249702	5	4	16	10	10
29	-0.00697146990361296	-0.261316316200622	1.54313836868364	2	1	15	18	7
30	1.39145248898387	-1.21698072615128	0.872285499584622	2	0	11	13	4
31	-0.0485554425970016	-0.224022579332754	1.45828502883023	5	4	23	11	6
32	-0.937049512230993	-1.47026691923359	0.615757077546725	2	2	11	15	7
33	0.288723449644496	-0.541144072810508	1.22566682463723	4	4	11	6	10
34	0.50359247378505	-0.0133288865693226	0.184321039701112	3	2	14	7	6
35	0.0645847556938041	1.52636811563437	0.248035317689792	6	3	18	14	8
36	0.781913863738653	0.180893966161308	0.422212947885777	4	5	17	10	7
37	-0.144580112753844	-0.222854876960174	0.586279540172801	4	4	14	10	13
38	0.871815582906909	-0.21604768816896	0.239883372144954	3	1	15	8	8
39	2.11445287546103	-0.611586520277256	0.947139363456378	3	2	19	10	6
40	-0.367751736529269	1.15045662829179	0.103479828492974	3	3	16	14	5
41	4.06560949334595	-0.180996654293964	0.0670438905410574	3	4	16	10	12
42	1.31048364690831	0.735270105799076	0.451041422231913	4	2	11	8	6
43	-0.209010452205597	-1.24591657468414	1.37841067208879	6	4	16	7	7
44	0.563072085287238	-0.385968476831586	0.788902524183432	5	9	23	11	4
45	0.854669512478083	-0.99063854933225	0.511574221700631	5	4	14	9	10
46	0.320090554326615	-1.61842116912653	0.523926671757915	5	0	20	11	7
47	-0.417541946359853	-0.746038248288065	0.893902892702329	2	3	19	12	2
48	0.497792785599599	2.28848764012097	0.498238314205871	3	4	6	5	7
49	-0.689160395502254	-1.35583432668409	1.81347061422244	1	1	26	2	10
50	-1.84413690249888	-0.180735350034724	2.32468392453218	5	3	10	4	5
51	-0.0324451471394363	-1.29586227825742	0.908392229570082	6	5	11	5	13
52	-0.258925700766884	2.24599601653818	4.60404106852879	2	6	21	11	6
53	0.240179062807887	-0.0712969282530632	1.07811304344198	2	4	11	6	5
54	-1.21426470441873	0.0463987259121878	0.235231638891107	2	3	18	8	6
55	0.80711847345483	0.606933129113503	0.124274537560502	2	3	15	9	5
56	0.0604571469083567	0.92444251001534	0.945903358968079	3	1	22	5	5
57	0.661837757914917	-3.25580360952887	7.90364962606277	6	5	17	6	7
58	-1.32979992916574	0.128080597666152	0.471606637990784	7	3	22	11	7
59	-1.20683525654701	1.02353645271718	1.66075330492684	2	5	11	10	4
60	-0.192344273921612	-1.54791265908549	0.302641173846055	0	2	20	15	7
61	-1.27699685431454	-1.25735970088378	1.32637189266575	6	3	13	9	8
62	0.490230992646061	-1.71285584581296	7.11166433848753	5	6	10	8	7
63	-0.778424709553902	-0.557968111941472	0.600657085734158	4	3	14	7	6
64	-0.0725914254874843	1.17669145963484	1.02732759884207	1	3	20	7	7
65	1.28699818258296	0.652316895647037	1.82639977943372	4	4	16	9	8
66	-0.197131110444528	-1.05214464831146	3.17144044178715	6	5	14	18	6
67	0.0608440221766781	0.951203896585271	0.752326899827653	3	3	18	11	15
68	-0.524616044152729	0.443802743816517	3.50898609582641	2	6	11	11	9
69	0.0206520581828543	-1.88476236106871	0.304033829823038	0	2	10	9	4
70	-0.7821433986356	1.31718597749414	4.73234522414326	4	1	23	9	7
71	-0.115584951283111	1.55707572439652	0.53752438977367	2	5	18	13	6
72	0.289260459875885	-0.404942219578804	1.569092475787	9	3	14	11	7
73	2.69312973473461	0.063461281235095	0.69248279350257	3	3	17	13	6
74	2.03984345694112	-0.910915812949466	4.27949184792013	3	2	12	9	9
75	0.215863737534601	-0.0510782650339365	1.40091604577722	4	0	16	4	8
76	-0.186049474250743	0.761651276401344	0.623296543674758	5	2	13	10	5
77	0.579193645302587	0.843601519191534	0.552766710776688	2	6	13	14	8
78	0.16514865957457	-1.24570980589219	2.14046304106905	4	4	16	6	5
79	0.287649780367288	0.689145836229841	1.97241574388447	0	2	15	5	6
80	-1.13196275967878	1.10310183192992	0.808053399022249	9	6	10	12	10
81	0.568285685588124	-0.502899041094079	2.02591987361268	4	0	15	18	6
82	-0.994200310497881	-1.22125281772556	0.688324684502451	5	1	21	4	6
83	0.592232316860227	0.295151858306929	1.79288231780383	5	3	14	6	6
84	0.407453676451934	-0.744014774204978	0.362184645065149	3	3	12	11	2
85	-0.424300152994903	0.178762603065495	0.677221938323363	8	3	17	13	5
86	-0.108470308265376	0.651615401272455	2.29199976050544	5	2	19	13	7
87	-0.137698716399997	-0.732712486991334	0.658305384169606	2	5	15	12	7
88	0.0570760414700623	-1.25300639000787	0.45776430442607	4	9	12	9	6
89	-1.57307244857371	-0.86674321293948	0.517308819318226	2	1	15	10	8
90	0.904981283692137	-0.571138528029385	1.81643904590213	4	4	13	10	4
91	-0.353293757209104	1.11916979516142	0.219066573524977	3	6	16	8	9
92	4.2825925110631	0.577214518935374	1.12955852229329	5	8	13	19	6
93	-0.674907952601011	-0.216765018092346	1.74504321617957	3	0	13	10	4
94	1.14235803822116	0.111884880657754	0.196623128729104	3	5	17	14	8
95	-1.13872035051298	-1.67540657371493	0.448306675871057	3	2	18	8	7
96	-0.411309688329797	0.0207649291560514	2.57803377921125	4	4	12	13	5
97	0.313478874114645	1.21371419164398	1.01635926948968	5	2	17	10	10
98	-0.627405623321657	-0.0121408295114381	0.898674489715824	2	2	19	11	5
99	1.15357957555679	0.0249409696795664	1.12354371447235	1	5	10	13	10
100	-0.863954107116483	0.17829298559037	2.81358988098211	3	4	12	16	10
101	0.428000810716719	-0.296059622014219	1.3192376680657	6	5	12	9	7
102	-0.0236333447551263	-1.40840230152849	0.428551747234354	5	4	9	19	8
103	-0.356294608289476	-1.04181911311964	0.292462676369928	4	6	17	10	7
104	-0.415726717502591	1.14138209290497	0.245610751582535	2	4	14	9	5
105	-0.388098714609164	0.0816694084663694	3.00539213777591	4	6	11	9	2
106	0.554458493775648	0.979854123123135	2.23153501512214	2	5	8	12	9
107	-0.93635677598545	0.727109287735423	1.85518310877152	5	4	20	11	7
108	1.9409848327513	0.297958059777432	0.389580241559848	3	5	12	8	10
109	0.419527367609929	-0.474377775780467	1.53757154291912	4	4	11	10	7
110	-0.0868532400485995	0.819191297383818	0.306190365588728	3	5	15	13	7
111	-0.171850634259023	0.63951271338881	0.105340717013539	7	1	15	13	2
112	-0.462573648177804	0.367696514572402	0.555212733465517	6	5	6	12	7
113	0.355511036483268	0.178207201553609	2.78904535934387	5	5	14	10	13
114	-0.156401423334477	-0.0905399005617714	0.555675932412087	2	4	19	9	3
115	0.379542174673283	-0.776249420817412	1.07989864436108	2	5	24	9	7
116	-0.857237349469016	1.20789936929428	0.956724604451674	7	6	17	10	5
117	-0.279469405042912	-1.96309438903323	0.75246916364426	4	1	11	12	3
118	2.39903398901009	-0.816679316844976	0.25404667949117	8	9	17	9	7
119	-1.3670118222162	-1.36114657861842	4.3331178309088	2	4	15	14	5
120	-0.0734022908770171	0.840887269653088	7.45345648961567	3	5	18	15	4
121	-0.297219683939261	0.10379875983422	0.474528188170862	2	3	8	18	5
122	-1.07669735461466	1.40845088633	2.29635024433981	2	6	17	7	9
123	0.944654451565244	-0.178276704030707	0.536357122260308	4	5	15	8	7
124	0.761125172851621	0.0206329304568028	0.666922170896259	3	4	15	11	8
125	0.200145295131357	0.991148411799133	1.3051357828055	2	4	10	11	3
126	-0.852148512871989	-0.241557664602502	0.722338883684108	6	3	20	18	4
127	-0.133812107837965	0.568242234167263	0.884513764979266	6	3	18	6	6
128	0.066021725957304	0.697753205970413	0.646948293763979	3	3	17	9	6
129	1.02996575345953	1.05710022570834	1.35631666192163	5	5	16	8	11
130	-4.82026808288075	-2.29541541457934	1.07898139560704	4	5	20	9	12
131	-0.0165636913635843	0.91593536454371	1.8350957947747	5	1	16	10	10
132	-3.43678871812913	0.946328523666426	1.14754197522981	4	3	16	11	10
133	-0.836915711422009	-0.235137740866344	0.27953818333159	2	2	11	10	7
134	0.763370285133109	0.823716468713524	0.517507634671582	6	4	10	11	3
135	2.26806091307449	0.19933481163382	0.364964234828525	4	3	14	4	9
136	-1.61470395088519	-0.269096866057429	0.26910930112015	5	3	13	12	6
137	-0.771364122306523	-1.18953173633001	0.170943943413645	4	5	17	12	5
138	-1.36128152518677	0.414717378701315	7.44575561246946	4	4	18	14	6
139	1.06993749428033	0.30123321038876	0.972020371457472	3	5	10	13	4
140	-1.02769675546879	-1.05480901077438	0.350035003103221	5	2	12	9	12
141	-0.614619629181768	-1.43168172977151	1.65513540366268	4	4	14	16	6
142	1.71650024056542	-0.640182486384645	0.566773293108497	4	6	16	13	10
143	0.342531770069659	0.474989532815517	0.762088950712161	4	4	18	8	6
144	1.0112603824573	0.145873919708072	0.377363935129093	5	1	15	5	9
145	0.784412528297322	-1.79869102996888	0.163011915373291	3	2	21	10	7
146	1.05788593334252	-1.84234922770538	0.585718996122232	1	1	12	8	5
147	1.0478791802878	-1.30532319642608	3.13394678174615	8	6	14	18	10
148	-1.62831344715929	1.03403232724939	0.767714768571218	5	2	13	9	3
149	-1.76077410560889	1.3708656867342	0.802922534829858	3	4	17	7	9
150	1.29369549444823	1.14181211675961	0.16091134610232	1	3	11	10	12
151	-0.681937152057857	-1.17341597093632	0.656508667785044	7	3	18	8	7
152	-0.274592140418028	-0.97540650863563	0.156986299052431	4	3	16	11	7
153	1.95643446228091	-0.125608643342601	1.5934273578685	4	4	11	10	7
154	1.5993321116297	0.380968461360276	2.45523067011193	7	6	14	10	10
155	-0.198555909471138	-0.228589235351995	0.930790673055257	5	5	12	10	11
156	0.942993045892711	-0.575313692578956	1.72167668791131	6	3	7	8	6
157	1.81815161351724	2.2784363841452	0.553332941996124	1	8	14	13	12
158	-1.35811734481778	1.99364207513052	0.280758595074916	4	3	9	15	4
159	-0.801250183601266	-0.734793435421569	1.74744262039867	5	2	13	6	7
160	0.716256184995239	1.44590373375601	0.355895074490616	5	5	11	6	6
161	0.596517317002871	1.21450902202443	0.990431244550666	7	4	13	8	11
162	0.482745260203177	-0.843915892231265	1.13560618655781	3	2	13	13	5
163	1.14505167135919	-0.911797949642907	0.745778843531853	5	3	19	13	8
164	-0.35565424053605	1.4451891790138	1.41215387588355	2	5	17	11	10
165	0.705369855879209	-0.823543537002582	2.01364757281407	2	5	14	17	4
166	1.15886747136606	0.235851005602582	0.0598703130961018	6	4	13	9	11
167	-0.342856237351678	0.642143030903405	0.320682185525747	5	3	19	11	13
168	0.111958316343478	0.416933895246306	0.5754175164637	6	6	25	12	9
169	0.898885462637754	-0.422488827982666	0.298648360298376	4	4	13	11	7
170	-0.205851218218349	0.192219526202283	1.01767431788723	3	7	14	9	7
171	-0.812927281485439	-1.56795025886979	2.02816719937939	1	2	14	12	9
172	-1.27612652418795	-0.484862965189403	1.31240075742828	4	6	16	7	4
173	0.576205743130131	-0.18968193716715	1.67058850592563	3	3	15	9	9
174	-0.0899902813988667	-0.0511310925812077	1.96545803233138	2	5	16	12	11
175	1.21608217442159	-0.835377600696929	0.34387198388417	5	4	15	11	13
176	0.776202495362642	-0.672581400232421	0.584462358338988	2	3	9	9	4
177	0.872817739506442	0.548296672381464	1.30288824418938	3	2	8	12	10
178	0.0785238198774892	0.419617240876696	0.792199733191375	2	2	22	13	7
179	-1.34411339709195	-0.132014104976465	0.233552780913657	2	5	21	11	8
180	-0.290730070326167	-0.765593414348854	0.209901842798131	3	7	18	11	3
181	0.347867701206559	-1.19079593940957	0.92513096995535	5	2	17	12	2
182	-0.765686107833039	1.58992498888155	0.640998827223127	1	6	16	9	7
183	0.909487991736801	0.716215533832736	0.273699386495902	5	6	17	6	3
184	-1.13782092771217	0.924172249780223	0.438207183007682	4	3	16	6	8
185	0.654503704640408	0.435287747778229	0.737955262709961	5	2	22	12	9
186	1.64429619518309	-0.0395853845605795	0.352377603628099	3	2	14	9	6
187	0.0340391007747229	-0.480562255974586	3.50532251435763	2	4	12	8	8
188	0.647720574602666	-0.541602250131163	0.0587762693506248	3	3	20	10	10
189	-0.14914731668496	0.220360300802352	0.337569521542841	5	2	15	8	6
190	1.24029095630156	-0.459889922304508	0.683294915031659	4	6	13	10	9
191	-0.429074131857398	-0.898202562425571	0.459003525548283	4	3	14	9	7
192	-0.195732345383475	-0.38950545648056	2.74092319385216	2	7	14	14	9
193	-0.583019025783716	0.00879900098403877	0.719545892952141	3	3	12	6	3
194	-0.622161016660057	-1.02625913783195	2.04300877792933	3	7	15	7	4
195	-0.493382090601293	-0.414717486201998	0.611482155587471	1	3	15	12	6
196	0.380589289353692	-1.27739766278472	0.274871273312404	5	4	13	4	6
197	0.578622970672222	1.26915498340318	0.640158361593509	1	3	9	7	6
198	-1.15554330367812	-1.46921305307674	1.30984855068863	3	6	14	12	7
199	-1.08922520876746	0.659240375922224	0.269117129891061	3	7	11	12	5
200	-0.639140842468967	0.729846199564868	8.34559308313867	4	5	15	10	6
201	0.408119979144534	0.0548320366587008	2.07349273453492	6	5	18	8	3
202	-0.352712921752663	1.18054163613822	0.355535014689648	6	4	11	9	8
203	0.389287904111568	0.852858281510743	1.03225115307175	6	3	14	6	7
204	-0.596205210403848	-1.74873261716652	0.543674883054249	8	6	20	9	7
205	0.716762754144914	-1.1091483126081	0.215415007481249	0	4	15	9	6
206	0.853184696958686	-0.866225192580701	2.30279896578732	4	6	15	12	4
207	1.0417984269472	0.723516127629729	1.21193415818743	2	1	16	9	8
208	0.244541317177417	-0.596541271093974	0.779725698381287	5	8	11	5	10
209	0.684724754981544	-1.76497688606204	0.63068755120096	2	5	19	16	9
210	0.458799407543222	-0.0092077651542676	1.64950299228606	4	3	9	13	10
211	-0.172114542552592	-0.352912658451139	0.672015930285778	3	8	12	10	4
212	-0.0133058807136624	-0.515485860274207	6.08488502871641	2	4	13	8	7
213	-0.0331809694157333	-2.11337990569876	1.47146314956504	4	7	23	14	15
214	0.12349618679021	0.531436111278333	1.35356760495775	3	3	17	17	6
215	0.558987386516294	2.48865368662563	1.6347600953488	5	5	21	6	6
216	-0.31241673400459	-0.0384589099737598	0.820029998358754	4	4	18	8	8
217	-0.246964188729377	-0.184146053802107	2.71379213942674	7	5	13	10	3
218	1.63623984886497	0.995914912236247	1.35904162511975	4	6	14	7	11
219	-0.429652300500117	-0.629700438094759	0.514923608797392	2	6	18	13	5
220	-0.0120593243299765	1.48840981137297	0.881994494149802	1	6	12	12	7
221	-0.585364780918504	-0.730290359505489	4.70818576539119	3	2	13	13	3
222	0.231680287446438	0.992753433187149	0.432839678515151	5	4	20	16	4
223	-0.990889542893014	-0.498298795949411	0.319113413889395	4	5	11	14	4
224	-1.31234680055662	-2.59505264564052	0.578376082444607	4	5	15	15	7
225	0.970076383953467	0.122606703700958	5.43554084284193	2	7	10	12	7
226	-3.93294546071491	-1.83197707414505	1.56386832486823	5	6	9	13	3
227	-0.470003528005648	-0.0936312180899493	0.484266249934267	3	1	24	11	4
228	0.214137757241605	0.394852631975671	0.218210624133365	4	5	11	8	5
229	0.617026738660937	-0.90060008593034	0.204606958681081	6	5	11	13	6
230	-1.17944951071528	-0.591485251920529	0.752449023710993	3	4	17	10	6
231	0.623209580958081	0.330641153808423	6.18567164334743	5	6	8	13	8
232	0.109151132558316	-1.19407072896055	1.92271790481228	3	5	11	8	8
233	0.27707498337443	-0.67168130410723	0.830041268307487	3	3	19	9	12
234	0.451564994763718	0.888952857477942	0.354598505606256	7	1	17	10	5
235	-0.537392730445286	-0.611848602672943	1.37211058539077	5	3	17	17	4
236	-0.118300094785636	-1.33737436613394	1.98359979184342	1	2	12	14	5
237	0.118992287465333	-0.247303257441589	0.437201608104938	5	9	15	9	4
238	-0.0436696840461522	1.13232399901701	3.59073262812014	4	4	14	8	5
239	0.616437779649185	1.30258056288198	1.50346669852592	1	4	17	9	8
240	-0.352279797336897	0.52981012916906	0.701315837242156	8	4	13	13	10
241	0.369166608616792	-0.090122787723011	0.813963755018962	3	3	20	13	7
242	-1.30140888573784	0.0547803295472994	0.890703755926276	4	5	11	8	3
243	1.34470263255408	-0.450415164129306	1.27152074646647	4	3	14	15	9
244	1.25105255941669	0.284461023012055	2.10392707383285	4	5	20	10	7
245	-1.40875309010522	0.644413795694044	2.74772157803549	4	4	21	13	6
246	-1.12318797138477	2.01263814192026	0.985423740233215	4	2	21	16	4
247	-1.43729153853732	-0.716590490702556	5.02995832601985	2	1	16	5	6
248	-0.781647822102995	-0.448670665710884	0.331056391812996	5	2	19	14	8
249	-0.0508365553951867	1.11880301548821	1.48801170635907	3	2	9	8	10
250	0.366848792061674	-0.525272475115404	0.599678407954452	8	3	10	10	4
251	0.91562619932323	-0.893142901727058	2.50847907032053	4	3	15	9	9
252	1.29821472167311	0.360904932026942	0.619612379799529	2	4	16	9	4
253	0.163171200661374	-0.407335641058063	2.57507986612929	3	4	14	14	5
254	0.974375732537149	1.30541784518978	1.54729752404399	5	1	21	4	8
255	1.36246406098561	1.83762669914188	0.798062177613638	4	1	18	7	5
256	-0.956801164060876	1.43995109962056	1.06912801229049	3	8	14	10	6
257	-0.880069997320021	-0.74369022539056	0.919011835152186	4	3	16	11	6
258	1.23144121660555	-0.342316621726831	1.8223967016191	2	4	8	13	10
259	0.170470790179149	-0.85786835621108	1.10278131742342	3	4	23	7	9
260	2.34876372534655	-1.46562014351369	7.88672144554269	4	9	19	14	8
261	0.137203544954562	-0.789256899068025	2.27741868818115	6	4	15	10	8
262	0.108830171220694	0.237303599776429	0.693323457113648	4	5	14	10	12
263	0.840835315399899	-1.3751408084065	0.340039885974353	4	5	18	6	9
264	0.243085754369569	0.207722263347005	1.72703628678051	2	6	22	7	6
265	0.241974698363866	0.0609685200747579	2.62802645679264	7	6	17	11	3
266	0.603949371395732	-0.750055577753463	0.32532905352253	3	8	17	9	7
267	-0.00545667828812425	-0.497275268495638	1.95482576148592	2	4	14	18	7
268	0.759909165941615	0.0407026248957436	0.491714632739194	5	5	10	9	7
269	0.31622675508014	0.521940294579508	2.08624187192208	3	2	21	11	4
270	-0.392921153401661	-1.70139322679169	1.71536748008231	3	6	8	7	7
271	-0.0956610996552794	0.800928061414938	2.03569922279425	3	3	13	9	12
272	-1.49147518317289	0.420102095299938	0.430213727255115	3	5	17	7	13
273	0.542084671592651	1.7059219302021	0.830891546346591	3	3	13	13	10
274	0.81381837480733	-0.469694184789371	1.27917744616589	2	3	10	5	10
275	1.44692759453355	0.0932456060707552	0.366588254864753	2	1	15	9	5
276	-0.765015345912699	-0.334121907487289	0.980295342151855	1	3	17	9	6
277	2.20564681000916	0.276049426395975	0.998782221717785	3	7	17	12	5
278	0.419476087283865	0.904053968189219	0.422328660374165	8	6	18	12	4
279	-0.423546720818203	-0.151631531772759	0.450787969763204	3	5	16	13	7
280	-0.64846536145209	-1.79003156582375	2.23710497166874	8	8	14	10	0
281	4.19415129386324	0.386445812008278	0.276940108173853	2	3	22	11	11
282	0.602434689122943	-0.743048296286199	0.454356907383202	1	5	17	17	9
283	0.596941987467286	0.302661391279521	1.5437966415331	4	4	13	7	5
284	0.319986221622589	0.615860502037459	2.2485269164473	7	6	17	11	6
285	0.355147534050097	-0.471858263328761	0.341971191447417	4	4	7	7	8
286	-0.806014324788372	0.97315890404508	1.17800188585157	2	6	16	14	7
287	1.09399521043928	0.71322018707493	1.11246540275337	6	4	15	9	6
288	0.183988717591593	-1.2235921270414	0.404689218182723	5	3	17	12	11
289	0.396026844706496	-0.425400785090591	0.808974173669277	6	2	7	11	6
290	-0.990854926263321	0.305670568037689	1.05518978943769	4	5	15	17	11
291	-0.655099629228048	2.18999198412443	0.52440339385988	4	4	13	10	13
292	1.68041129786456	1.53671523166593	1.97526812661704	5	2	16	9	2
293	1.60213631812547	-0.268094540171658	0.181215995484225	3	5	15	13	7
294	-2.94966650129539	-0.0585404919441022	0.418420635998547	3	5	21	8	8
295	-0.0572121711328176	-0.302608059598886	2.24603759022122	3	5	16	5	5
296	0.615701297141339	0.93185354575699	1.00423706462358	4	3	16	11	10
297	-0.758510595299232	0.235467263573632	2.23960247035132	1	0	21	10	5
298	-0.538668469558106	-0.320955061234939	5.8572925152991	3	3	19	10	5
299	0.215105634403209	0.420384334229281	0.556201776460886	1	5	13	13	9
300	-0.663535072071973	-0.619602258778248	0.468701336890675	2	6	12	6	6
301	-0.606539965580395	0.686041884015568	0.557437802797441	6	2	21	6	6
302	1.28874672763754	0.297812265864086	0.52099227021752	7	2	11	14	6
303	-1.02683994245211	0.504877300942941	0.2409884987825	2	8	19	10	10
304	1.37318835299278	-1.47861616715664	1.11661306560363	7	4	15	17	7
305	0.00214877215392338	0.298905463073997	4.1141511113458	1	0	15	5	9
306	1.18335730987171	0.897407484822523	2.68879906960586	5	4	15	8	6
307	-1.63096245824303	-0.671426052475065	8.15063527007018	2	3	20	14	8
308	1.30155311590564	-1.19116051511172	0.546105807056639	1	4	20	9	6
309	-0.00790614802375488	-0.623689745069464	1.06133720518603	1	3	13	5	5
310	-0.369890104180192	0.29279585706533	1.10815316037762	2	3	20	9	10
311	-0.288641139364757	-0.529630441593703	4.99863242523197	8	3	14	6	11
312	-0.169779275099052	0.152107044399666	1.38695381526587	5	3	15	10	5
313	0.355259492839145	-0.43500467845809	0.402927418947316	8	2	15	6	7
314	1.2656809428456	0.131826130128244	0.760860714546958	5	4	17	9	10
315	0.599319066917914	1.08430024748347	1.47142155630435	2	2	17	15	13
316	1.84620574667369	-0.642211244424505	0.0314967918686255	2	4	17	2	10
317	0.69907341805004	-0.249705067616102	7.71195429112264	3	4	19	12	4
318	1.34686578979287	-1.8900080782342	0.760316023421238	3	3	16	9	12
319	-0.16371751523377	0.665898210190276	2.86643402324234	3	3	17	10	3
320	0.13942404697708	0.0176775629504685	1.88110646655732	4	3	16	11	10
321	-0.459369883624152	1.14792682905811	1.96545648446742	4	4	10	12	9
322	0.672858327507526	0.175605833415746	0.243026267334489	2	6	13	13	7
323	1.46718840954895	-0.00525785575747663	0.635500145374079	3	4	14	8	11
324	1.59569484972873	0.287322816251378	2.45600643036853	6	5	15	9	3
325	2.52998582751552	-0.705068033809882	1.44559977493343	1	3	14	4	4
326	-1.21279612939777	0.653888597034994	1.37330918292924	2	4	16	10	5
327	0.358900119395632	0.32315610174762	0.509289759558546	3	6	12	15	9
328	-0.560313085315425	0.836648590551618	0.0961244623286255	3	5	20	14	7
329	-1.89690064076271	-2.17012960694475	3.01398986562453	2	3	15	10	6
330	0.193728515058585	-0.410680238422131	0.516261480581555	5	3	11	11	8
331	-1.59294152282685	0.397962341824021	5.2561853698001	2	5	21	9	7
332	0.196491996301581	0.00284856380071974	1.90528155001696	3	4	14	8	4
333	-1.00477911673782	-0.805909831163279	0.300975463495579	4	5	13	11	7
334	-0.229779096777648	-0.555764463599354	0.322114623044142	2	5	16	12	8
335	-1.31626742021562	-0.451293842103125	0.758197670499447	4	3	12	6	7
336	0.0826627343149864	1.55308396282253	2.1081132510513	5	3	12	7	5
337	-2.24242706515866	0.315232867238738	2.97951532415759	4	4	12	7	7
338	-0.776906760300079	-0.459807503025898	6.19920325120042	4	3	11	12	1
339	0.526875983079077	1.47419211799097	0.112942064235836	3	8	7	5	7
340	-2.23685067446157	0.115546916953316	0.333947331099487	4	5	23	11	8
341	-0.576061341757539	1.14410864252691	0.322354922215024	3	5	15	9	8
342	1.20690614044821	-1.03536898356125	0.770502135942611	3	3	9	10	10
343	0.21785839884692	-0.285861288532509	0.648572580075011	4	5	15	18	7
344	-0.395149573903828	0.323243657984618	0.482022709606925	5	6	16	4	10
345	1.40996850200104	0.54200954261138	19.7483037660647	6	6	24	5	10
346	0.122127667004836	0.0925712129861269	0.89014503175093	4	3	18	10	5
347	-1.13040209319554	-0.873638762983115	0.757326002735508	5	3	11	8	12
348	1.05730652753726	-1.12481924828717	4.16376210544486	4	3	11	14	7
349	-1.11492727451666	0.708501275909097	0.931457907625136	4	5	12	15	7
350	1.18418371253027	0.672724415341583	0.448534629562901	3	3	10	10	7
351	0.282294008486085	0.66534559366487	2.32085419938254	5	2	18	11	11
352	-0.944634378256017	-0.363786375631716	0.879156724129067	6	2	14	9	9
353	0.48257228598508	1.23059421441138	1.5400878308161	3	2	16	10	10
354	-0.831117702955424	-0.13604050277628	1.5953062373051	3	5	15	10	5
355	2.50443575311442	-2.52861298414138	0.336030832600348	3	1	18	10	6
356	0.824850395320735	-0.600735267740902	1.25541615699639	2	4	12	10	10
357	0.3136830884526	2.86345250920929	0.830842873856264	2	5	15	8	3
358	0.0341181751064534	-0.672682283376189	3.55740184866135	2	2	6	14	10
359	-0.505543568471871	0.0744348199630275	6.33021307271038	4	3	16	6	8
360	0.218711790141765	0.493998786878927	1.56448332003418	1	4	12	9	8
361	0.982346941568582	1.0881235988562	3.04329688735803	3	5	14	11	6
362	0.952312041278052	0.375247000960457	0.605970053264241	5	5	20	4	4
363	0.110361514862637	-0.83397762684133	2.34059555126254	2	4	8	8	7
364	-1.44391363955539	1.76343577954783	0.703636730726756	2	8	11	10	8
365	-0.48379096283473	0.205651177258945	0.229782442060485	4	3	21	12	8
366	0.321387537801689	-0.991858908357963	1.32439628671497	2	3	8	12	5
367	-0.549868150894175	1.41942073326014	5.08222406628874	1	5	20	14	9
368	0.251958909708068	0.519990694973301	0.199570715579844	4	3	10	20	9
369	-0.647998947910006	1.48900529937097	0.535464350582517	7	2	15	9	6
370	-1.57335076065146	-1.06440444172904	1.27951343459087	4	4	19	7	4
371	0.998493837235097	0.416679435537852	8.74000796296471	1	4	17	9	5
372	1.36963145572736	0.0525817224610306	1.02010270410399	2	3	16	8	7
373	-1.53342266400769	0.552139774821966	0.706841328204025	5	4	10	19	6
374	0.365977857150459	-0.0336361500072015	0.316193496661071	4	2	16	15	9
375	-1.73605370227267	0.800990514808801	0.167695829667686	3	3	15	7	9
376	0.652077172576327	-0.436097704869347	1.51288490551574	4	5	21	6	11
377	-1.87196303627588	-1.10762033714167	0.209675940347037	4	4	24	7	7
378	1.36662185169234	-0.310269523743489	1.65856341572695	3	5	14	4	10
379	0.632053768288699	-0.986766126766794	1.37612466807399	1	5	19	13	4
380	-2.20139525465149	-0.941387820205942	0.203137814763071	5	4	16	7	8
381	1.17665334635369	0.0286836665207509	1.4210190281605	4	2	13	15	8
382	0.872717496820752	1.37136355221439	3.40221551731537	7	7	10	6	13
383	0.570516813586817	0.51465424680845	5.58357600743885	3	5	16	10	8
384	1.70167762640541	-0.665368532009167	0.367562581355923	5	5	15	4	7
385	-0.911699476966063	-0.922764434318844	0.772276492512933	3	7	19	6	2
386	-0.00661637805567163	0.862820450190694	5.70429225212374	3	3	21	15	3
387	-1.10461055543716	-0.268067694495757	3.75836639674007	5	3	16	12	4
388	-1.81518385589199	-1.52694827605757	0.372259385811268	5	4	16	8	5
389	0.732946114020522	-0.542435414975602	2.57707721441067	4	5	7	14	4
390	1.05254047683489	2.21299805510769	3.07060572404077	6	4	13	9	7
391	1.0864834673852	-0.992791097227159	10.0441956868251	6	2	17	7	10
392	-0.874070136240682	0.83819712291532	1.54187289031859	4	1	14	10	4
393	0.953429045465398	1.33553760490278	3.02030002862826	6	3	13	14	7
394	-1.14833209811953	-0.0969420865384821	0.295374983754327	5	2	20	6	3
395	-0.087336435732366	0.208762412107589	0.404956634096115	5	5	11	11	3
396	0.780450260648257	-0.967993834492879	1.27007103717751	3	1	18	9	9
397	-0.59246103352187	-0.810308950479228	0.429593403507854	3	7	12	9	7
398	0.929539560308747	1.01494963252728	0.992993814660202	5	5	13	12	4
399	3.90708903519183	-0.544442113713269	1.29479372750715	4	3	17	11	7
400	0.921791784723087	0.488143172107354	1.04918907175588	6	2	15	11	8
401	-0.867366697636856	0.796216466855676	0.102159423250209	7	1	13	11	6
402	-1.0611342155295	0.301608254846584	0.318883055090595	6	5	16	16	6
403	0.877330963986234	-0.677037042403017	1.14163035676256	5	5	18	11	7
404	1.72398306090647	2.1108694087571	2.25794541574847	5	8	14	14	5
405	0.665801312750887	0.510914677101921	19.2124882789535	7	6	20	12	4
406	-0.949437843642799	1.59955223449879	1.24333807656547	5	7	17	12	9
407	-0.681344266274746	-1.83666236252774	0.628002532977917	4	2	11	12	4
408	2.0520891941381	-0.882947772928543	1.32275873927811	4	5	15	15	7
409	-0.532150417071734	-0.0623616526535428	0.33303335254816	3	5	10	8	7
410	0.0196396876041976	2.31225165795566	1.55469629771969	7	2	17	9	9
411	1.45835146176572	-0.87616511274108	0.748403005264484	6	3	18	10	7
412	1.36635125228157	0.356853852534513	2.34249209163203	5	1	11	7	6
413	-0.0483086461872606	0.319862511896575	1.09468982464673	4	4	15	6	7
414	-0.596089661601567	-0.810429382874668	0.438251329582679	4	2	19	12	8
415	0.20650919301243	-0.420859975083017	4.45648443500237	4	4	16	14	9
416	-1.09476351748879	0.569165190172693	1.50700701459289	5	5	16	6	9
417	-1.14988243191235	0.564834692585235	0.812677678343556	6	1	13	11	3
418	-0.98980627482831	-0.65883793698074	0.485442793292525	4	5	15	14	8
419	0.708541839145439	0.213553215457688	0.38818956958023	8	2	14	5	4
420	-0.192053327379878	1.26515185250768	3.13638402407914	4	3	12	12	9
421	1.01135592898438	-0.696359696672847	0.402049212396908	5	5	17	8	3
422	-0.267889024872913	0.415900701610281	0.834024845911496	6	3	16	6	3
423	0.0955473577773887	2.5972446758815	3.63599598103812	3	5	18	8	6
424	-0.0570926587513908	0.751049701303282	0.925387042824859	3	4	10	14	6
425	-0.0555550136902744	-0.41651307020761	3.10444697325755	2	8	19	9	6
426	-1.05754812182228	1.50244383483695	1.24585379835154	5	6	18	11	17
427	1.93108207758751	2.058094643117	0.710022985711025	7	2	15	6	8
428	0.81702477078737	-1.56415360373075	7.52336762142117	4	3	18	8	6
429	0.898460920687097	0.749891148371023	0.372450066981572	5	7	20	7	5
430	0.292214651235778	0.535361488453797	0.936226596089245	1	3	12	13	6
431	1.16956169320125	-0.457175762566158	1.58095984695357	3	2	15	14	7
432	0.402827913771945	0.43825899719252	1.6858891032808	7	4	15	10	4
433	-0.269706646267448	-0.84299391642513	2.77580897486137	5	5	20	11	3
434	1.55431453221386	0.193364479981663	2.92529935897625	4	5	14	11	9
435	0.864653966833299	-0.0818471714630145	0.87596893444163	6	7	7	7	7
436	0.102580915934395	-1.26496972331129	0.261781864906931	3	3	7	9	5
437	0.115479158715463	1.11315085932576	0.378590803104565	5	2	16	7	5
438	-1.01422824238298	0.359848347830254	0.710914050553576	5	1	11	10	13
439	-0.465341851956279	-0.79865917714309	0.456058071890436	8	1	13	8	6
440	0.0593463827338287	0.690212522494063	1.60092650561102	3	5	13	11	8
441	0.929829354890342	-0.603305265602617	0.382563268331268	3	5	19	14	7
442	0.211322129132788	0.990986623504718	0.3596496783983	2	4	16	6	4
443	-0.614832947869338	-0.698336456288565	1.27056599721338	3	1	17	9	4
444	0.156423920134465	-1.19007400183746	0.510327957919855	4	3	12	9	9
445	0.861303178093835	-0.301418510256131	0.306053120467004	5	3	15	13	8
446	0.64995540163549	-1.36741441344241	1.26621296163871	3	8	8	7	14
447	1.16052916712273	1.15711798839377	1.40297470781251	4	7	16	15	4
448	0.339338233974169	0.496174367375702	1.23264351320304	4	2	10	13	4
449	0.185887962141962	0.577774932384409	0.689115938369696	3	6	13	7	10
450	0.0078926908311103	-0.488768354874658	2.47763032838539	4	1	22	16	5
451	-1.76412892550993	0.40870554118241	1.51645933280253	2	6	19	8	5
452	-0.809259892308513	-0.0569226147415003	1.65703350337428	4	2	15	12	9
453	1.57151737495402	-0.0937063624992032	1.38105005266362	7	4	13	10	6
454	-1.4127809651275	-0.491613452910749	1.8418093918478	4	3	18	7	7
455	0.261145831396838	0.371505333776608	4.23461154097311	1	3	16	8	3
456	0.0636019136733007	-1.18897514920602	1.34319117731009	6	5	13	7	7
457	2.00033538634672	0.0251494170534609	5.4307678442919	5	5	14	8	9
458	-0.687269947947832	-1.22874980543724	0.924646264518897	4	5	14	12	10
459	0.515821835182296	-1.34006492353112	2.68264121008212	2	5	11	11	12
460	0.639019820987	-0.825660702403455	1.17597196692467	5	3	16	11	7
461	0.0908549563612413	1.62212049748991	0.328980393747872	4	7	16	11	7
462	-1.13284906299461	-0.0509641003134094	2.56540107273589	4	4	12	7	11
463	-0.755987878391613	-0.32990889451853	0.0544838362644393	2	4	16	10	8
464	0.0476294348627703	-0.160571199084742	1.53627476311428	3	1	15	6	4
465	-0.470209989868706	0.873804138338527	0.272251918625596	6	2	13	9	6
466	-0.0588189207046022	-0.666868212888235	0.67076468083724	4	3	17	6	9
467	-0.186792496857881	-0.378157527028082	0.988795617599511	4	3	13	9	14
468	-2.40180697719512	1.47222855806471	1.01102691204451	5	6	17	15	15
469	-0.00853442179332422	0.0775773394740831	0.726860576009831	1	7	20	9	4
470	0.0515559802409283	0.632637105086733	0.441657656167879	3	5	18	8	6
471	0.56187185001856	-0.632109924288	0.657467295049772	0	2	19	10	2
472	-0.540125200683545	0.0310600566829315	2.72075774750535	4	6	16	6	9
473	1.13097774983037	0.698712288996297	0.583469010855979	4	4	12	16	7
474	-0.989179399175178	-0.122103375550552	3.36874952151777	4	5	13	5	4
475	0.498859624778927	1.11713356248	1.10117770309427	7	2	16	7	8
476	0.939495334752602	-0.120386841866047	1.4900374357429	5	2	12	11	5
477	-1.21970548683633	-2.37742720172175	0.262423969129383	1	4	20	8	8
478	0.0785724973437478	1.04929008267959	1.55561204473695	5	5	12	7	9
479	-0.412753203711294	-0.899134512396206	1.03472490527307	4	7	17	10	10
480	0.393243797431658	-0.764288387847699	0.643670385010779	2	4	16	10	7
481	-0.597559141092123	-0.305232927321545	0.522452684291132	2	4	11	11	12
482	0.876005219264207	-0.682762580486923	0.511809168092655	3	2	18	7	6
483	0.994582657152978	0.291504049480037	0.369635247010961	6	5	10	17	6
484	3.50731241620909	-0.109562466719638	2.31962515346043	3	4	20	9	9
485	0.0727603048479471	-0.112205312027567	0.799293761859296	6	4	17	8	2
486	-1.39875321989463	0.577762048806193	1.6568799073641	3	5	18	8	6
487	0.558661072237034	-1.8116409855307	0.168941624511001	2	6	20	12	6
488	-2.45556407451383	-0.126749519275182	0.71830391823678	3	2	14	10	8
489	-0.516439764518106	-1.42809288555509	2.08966116976108	4	4	8	7	5
490	-1.94805155307267	0.0849726454703334	4.14215129099928	5	2	21	15	4
491	-0.509050276756533	0.152691021679769	1.67315924311326	6	5	18	10	7
492	-1.42138431570049	-1.83476221436299	0.797596038397542	5	3	18	6	3
493	0.308866206868838	-0.225216927422345	2.39655331903654	3	4	19	12	3
494	0.297791888816361	0.134449266766534	1.20919255905613	1	4	10	12	6
495	0.498433121800481	-0.586898726625489	6.59963227394585	4	5	16	10	11
496	0.751830363264456	1.31540478122766	6.45274560880552	3	7	12	7	12
497	1.27038975003195	-1.71049203447412	0.886788362532326	4	4	14	7	8
498	-1.32776621573581	0.681223274220239	2.23688327762598	5	6	22	12	7
499	0.858804971885198	0.341623645019317	1.52337997563052	1	9	24	12	4
500	-0.89998940514106	0.169541259983886	0.865400368851997	2	6	16	18	9
501	3.76140242749413	-0.369510873863103	3.73523660404866	2	3	10	13	8
502	3.71285074125601	0.995872870321707	2.67872868330208	6	6	24	7	1
503	1.17538350863983	-0.338120464301954	2.28546848801538	3	2	18	10	3
504	-0.160823302161814	1.24836137208436	2.35937602085217	5	7	15	16	8
505	-2.60339031074764	0.333459305406813	0.995464420396318	4	3	13	14	4
506	-1.72583012183718	1.41314429577309	0.903600151212198	5	1	9	9	10
507	0.364634538769203	1.99542893063316	2.00784948575088	6	3	16	10	3
508	-0.473609875165205	0.737997495256593	1.12093096450888	3	3	15	18	5
509	-0.356619116959892	-0.242573094644195	4.42651991448423	5	5	14	10	8
510	-0.00657163223645447	-0.700609915791261	0.341487034466167	1	3	15	8	4
511	-2.26552141660983	-1.62934194708652	1.64256398684081	6	6	9	12	12
512	-0.595254081319624	-0.618777629318771	1.54233653637532	10	4	16	10	11
513	1.12277659087449	-0.894151488515289	1.54596447156327	7	3	13	10	11
514	0.30407213589551	0.726379296698985	1.02807807167259	2	3	17	9	7
515	0.639063623159906	0.18853302292164	0.31119433122904	6	3	15	11	8
516	0.530432746327741	-0.819836050699388	7.08182135565886	2	1	16	8	7
517	-1.16553337546607	-2.85003233054328	0.311364529656345	5	1	12	5	9
518	1.0281516110276	-1.54866135972915	0.486440799614629	4	3	16	11	9
519	-0.505690506014855	0.372193521392106	0.534781387236082	3	7	17	6	4
520	-1.33793875764532	-0.539560413581333	6.37589030678994	4	6	14	17	7
521	0.738196371307345	0.848023492104462	1.71674841177771	5	2	19	4	8
522	-0.100915514158924	-1.70254269404955	3.4671654898856	3	6	12	14	8
523	-1.14365631338004	0.00361425217564981	2.43569596337356	6	7	17	10	5
524	0.62279624951793	0.139646434152472	2.25731526794515	2	5	12	10	4
525	-0.156237725762733	1.81989982729045	1.64862980117089	4	5	22	16	5
526	0.938111114026948	0.900254139049708	3.98851055660665	3	4	18	8	9
527	-1.28284946218535	-0.0776209077784373	2.44992247823244	3	4	13	16	11
528	-1.27625430426613	0.178885942707089	1.21999898167377	4	4	21	10	12
529	0.103865446601759	-0.57592351400784	1.66350051854634	3	4	21	8	10
530	0.0285336375625377	0.0185702973878373	1.3915451429584	3	6	17	8	10
531	-0.307140123979006	2.23418434860472	3.1188584208205	5	5	13	13	7
532	0.556496463095141	-1.05143656892755	0.591470230250853	3	3	17	6	11
533	3.33053593762445	-0.228387499960029	0.341031143766113	1	4	16	4	2
534	-0.545863779384688	0.319633292148046	0.57065209982789	5	2	18	11	8
535	1.43372659875964	0.536364555150725	4.42107472335414	4	6	11	8	6
536	-1.58647056897183	-1.49221573665605	0.358618387887177	4	3	17	7	6
537	-0.450237670348871	0.708551186242528	1.61234608816392	6	2	11	8	4
538	0.413537457395529	1.33519470571527	0.835371486695055	3	4	15	8	3
539	1.79123571810923	-1.38415745850753	2.62742278703626	5	3	21	8	8
540	0.353666663476336	-1.30826093129524	0.878400926464478	5	5	8	11	6
541	0.123819055418905	3.15688617403638	0.524699043857292	0	4	14	6	6
542	-0.815775917277956	-0.24720145155843	2.03231685854936	3	6	14	6	1
543	1.43622052797849	1.98883587728139	1.34513009675482	4	1	24	5	6
544	1.32525485437141	0.810093582367603	0.852385783198076	3	5	16	9	7
545	0.0833875019515612	1.84351097597043	1.84945874952218	4	5	12	9	4
546	0.642053304887473	0.151041191629139	0.433916104089353	2	5	15	11	7
547	-1.28549363549001	-0.351013163438011	0.400303286604389	3	4	11	12	7
548	-1.05095463995382	0.481620900379948	0.527055831236272	7	3	15	7	16
549	-0.255982952708831	0.226552463103022	0.834419828915217	6	2	17	13	7
550	-0.41854676294249	1.3539242198784	0.083279605646211	4	4	20	12	9
551	0.337697547731516	-0.590329990505767	1.83718407729204	5	6	11	6	3
552	-0.379633527253284	0.562665861571974	5.19995004248058	4	5	15	5	3
553	0.111311063959319	-0.0902232441350379	1.13891297102376	4	2	15	11	5
554	0.252457345590723	-0.0863843589700932	1.04085416118367	1	3	16	8	6
555	0.446987716684511	0.491903021221726	4.44497790966939	7	3	17	10	11
556	-0.333345164922089	0.170128337640075	0.219485700053947	3	5	10	12	6
557	-4.62562317159726	-0.0980209470206349	0.0544399182866413	2	5	21	9	4
558	0.672509147663426	1.61278488961989	6.67988149428223	1	3	15	9	5
559	0.18149671792083	-0.422779487432183	2.74927442688923	7	1	15	5	4
560	0.930064794114768	-0.757411144978359	1.55241386286752	4	3	19	12	7
561	0.68020687245088	-0.520680720531532	0.939452409700761	4	2	18	10	6
562	-0.448544973085477	-1.53652371164124	0.342233937793799	2	5	17	12	9
563	0.0733443319023801	-0.0406848653864278	0.251691892815883	2	5	17	6	4
564	0.0240254232321918	-0.351157460057448	0.711882106851308	3	3	26	8	7
565	0.611884292734742	-0.547775176747293	1.85154743687634	3	2	14	8	4
566	0.469776368428623	0.842744602572613	0.865662440282143	5	1	20	5	11
567	-0.175573952691369	-1.16446074683446	0.399021069430667	7	1	17	14	3
568	-3.09959002847661	-0.289962955275145	1.19055490420933	3	6	14	9	10
569	0.178542897729071	-2.13044061843436	0.50290812461685	4	4	19	11	9
570	-0.158990263381064	-0.084750878089416	0.43794761621715	3	6	14	11	11
571	-0.992491309008816	-0.113430375345166	4.91385772505491	5	3	21	7	7
572	-0.723861859536111	-0.426377459126087	1.09589663763903	3	9	15	9	7
573	-0.273771670646383	-1.00788878792653	1.38956937085594	2	3	13	12	4
574	1.01805335668119	-0.302743572927192	0.809211307789997	4	5	9	9	7
575	0.184351271111485	0.421800364520495	0.527787243591026	4	5	13	10	7
576	0.0355024605631151	0.680652337684735	2.94878775470679	3	4	22	6	7
577	-1.00686935984358	1.28592788424351	0.503916875856993	6	1	17	5	5
578	0.21158607586277	-0.324682754461572	0.0922520032593808	4	3	12	13	7
579	-0.300449027469039	-0.213227504631775	0.525169851775071	2	2	19	11	9
580	-0.514672371436392	-0.294157217561678	1.07447608258456	4	2	17	9	8
581	-0.917461534487969	-0.0177124408279791	2.85188486660152	1	4	16	10	11
582	0.0509091666723908	-0.344162378141454	0.251880540909802	3	0	14	13	1
583	-0.028258264215415	0.0649136203773757	1.38945819355009	5	1	21	10	3
584	-1.09508723271125	-0.122286264550198	1.75467990524695	2	6	17	11	5
585	2.42258852204707	-0.216871888352252	0.49880099990523	7	2	21	14	10
586	0.0915195521963456	-0.575181458509287	3.95834550473478	5	3	10	13	7
587	-0.830694334031053	0.494253999174785	0.850408446571724	2	3	12	11	7
588	-1.95177780302751	-0.505758857487332	0.871915383752073	3	5	17	11	5
589	-0.200199402911121	-1.01736163797779	3.54323924497568	4	5	10	10	8
590	1.81453942179348	1.4567380365364	1.09864929575069	5	8	12	9	11
591	-0.736507650237987	-1.91157424748195	1.56909951696108	4	1	18	6	3
592	0.29957823732601	0.614566079471754	0.578379304697324	5	3	18	7	4
593	0.331989212977671	0.428522060505538	0.633869251525876	7	4	16	10	8
594	0.0961115195041698	0.553547504045787	11.6403007139213	4	3	22	19	8
595	0.3877378116099	0.197007650120614	2.27324177855173	5	1	21	10	11
596	1.08173195968027	-0.187097308608292	1.11779904379382	3	4	17	5	3
597	-1.26976702153658	-0.0280109959025344	3.54712479065624	3	8	14	6	6
598	-0.495126052143309	-0.787624888469001	2.0178483919915	6	4	14	11	9
599	0.765035980460752	-0.312344646034965	1.90078079101032	3	3	19	7	8
600	0.929405777920555	1.40342365063923	2.1403819570254	5	2	9	14	5
601	-0.309308271319019	-0.936960071092232	0.828391897016784	4	4	21	13	13
602	0.857545660331965	2.24350958351145	1.90109798311594	5	5	7	12	12
603	0.423895695505637	2.00550406918154	5.90832319492875	2	4	11	8	4
604	0.102429011611058	-0.864727246223387	4.64523282621747	2	2	13	7	6
605	1.60796403287222	-1.05802427854309	0.203403873313477	5	2	13	8	8
606	-1.0835684258106	0.607040130685053	0.404920305908487	3	4	20	10	6
607	2.1167582555923	-2.45188151511953	1.23464546923413	2	4	13	14	9
608	-1.64526627823899	1.27353928108802	0.44482363818169	6	4	15	8	6
609	0.863648895720731	1.34123870051633	1.07525027718569	3	4	10	5	9
610	-1.1580642895964	-0.595630846126616	0.679956068917812	5	3	15	7	9
611	-0.886676575121216	-0.0623892801074414	1.61399597128662	3	2	15	13	4
612	-0.548389690800322	1.06295814680723	4.76183163429575	5	5	16	10	6
613	0.439691832222099	-2.74288350338273	2.94060429991418	4	2	14	13	7
614	1.06114538591468	-0.127209667022649	0.535112037403214	3	5	18	8	10
615	-0.164840636391857	1.18556354864387	2.61540276578746	1	2	17	12	4
616	-2.22314783308079	0.646764320212729	0.844726388859091	3	4	13	8	8
617	0.353476266230431	-1.84222875579705	2.44234081922124	4	3	15	11	7
618	1.85570677932475	0.403972989670064	2.9575858407564	3	5	14	13	5
619	-1.30619757247731	0.5401798078713	0.320532350578358	4	2	16	11	6
620	0.06760182202913	-0.0157703806674456	1.06932235926205	5	7	15	12	10
621	-0.144053414553537	0.834303210797004	2.30116236059548	3	5	10	9	9
622	0.530623660714764	-1.17298253587307	0.662551738993564	6	5	21	8	8
623	-0.253672321437045	0.859943112343109	0.901605693963337	4	5	13	6	13
624	-2.29093557172137	-0.498191391407339	0.988601009008186	4	4	10	11	7
625	1.59447262266858	-0.169346140728197	0.295309481129362	5	7	15	7	9
626	-0.105760600999056	-1.31874053629511	1.79901823376795	1	2	13	12	8
627	0.461455573666928	-0.121870039393061	0.748798949338489	4	2	17	12	8
628	0.138323439074571	-0.872230199198548	0.944008110361622	4	4	16	6	4
629	-2.0223014748936	-1.95980150997332	0.549412906804281	6	3	20	10	12
630	-0.790170277073599	-0.228302928973879	4.91395285829722	2	2	15	11	7
631	-1.04983080014006	2.8064253336672	2.31371123052479	2	2	18	12	4
632	1.36054344289046	-0.27920931759898	1.4416928970634	2	7	13	14	7
633	0.628408381775055	2.60520922209691	0.276932030066585	3	3	14	9	8
634	1.5929205857484	2.20779302501822	0.795494889659852	1	6	15	12	7
635	-0.851644451715841	-0.0996091030935348	0.419074557410825	5	4	18	8	8
636	-0.947137570623111	-0.0152500499438635	0.415473131948877	3	1	11	9	9
637	-1.09296890381669	1.47578753028892	1.67258958031895	4	4	13	11	11
638	-0.891552689325298	-0.188065799717427	2.61545199488303	3	6	14	10	13
639	-0.902640616063417	-1.04113266940816	0.930420852042415	6	5	11	13	9
640	-1.69093272767722	-0.2550833196479	2.18125436244717	6	7	11	12	6
641	0.0115507795517898	-0.378554796909939	0.328365998836031	1	2	8	5	11
642	0.697531495653627	-0.423998000240824	0.351386741229597	2	3	15	11	7
643	-2.11535377405028	-0.301441399469457	0.280398934626919	5	5	9	9	8
644	-1.2464461687163	-0.673636134388357	0.398247561070014	2	5	16	9	8
645	-1.7661017515435	-0.204457513003393	0.87947683834634	4	3	19	2	9
646	-0.298148662812573	-0.15203087271238	1.28016028463874	4	4	18	14	11
647	0.352616918053173	2.24667360586769	0.588731136110721	4	4	13	10	10
648	2.16118536058387	0.573457023630042	0.245756548600331	3	5	10	8	9
649	0.77319380021661	-0.593391557897568	0.532114151475232	5	6	13	7	5
650	-0.00113996225612108	0.865304731501267	0.243468515532629	7	5	15	13	6
651	-0.297506914910279	-0.617819141036034	1.19648942318779	2	4	21	12	6
652	1.23599545846063	-0.108102115321609	0.42970708508281	3	7	12	10	8
653	-0.492393598298636	1.42379572619478	0.713444669806657	3	2	15	10	10
654	0.0935837436607135	1.32381180332569	2.25273277115598	4	9	18	7	0
655	1.03189826652068	-0.0283302002251523	0.792125878183113	4	6	17	9	4
656	-1.09879664730026	0.694357391281818	0.912788078484159	7	5	16	13	4
657	2.02344673544419	2.45187907353656	0.491017556564641	6	3	11	7	3
658	-0.775180821742423	0.0143465436819533	2.94792592657063	2	3	16	14	8
659	0.80350637975023	0.734344990450084	0.562956265478314	2	7	16	5	5
660	-1.09276379223383	0.694694978324482	1.74098786169497	3	7	14	16	15
661	1.06953669693059	0.78717854286092	0.404553527009684	2	3	20	8	5
662	-1.15136591700175	-0.141079786018562	0.364556194241571	4	2	6	10	10
663	-0.387680268388208	-2.35491915801511	0.382648554360102	2	2	12	10	9
664	-1.15944809933534	-1.8025740398531	0.202904024192589	5	5	13	9	6
665	-0.561457467975598	1.60783641407096	1.04085925894824	3	4	16	7	5
666	-1.136921613805	0.829380249609649	8.48603657120294	2	2	15	11	5
667	-0.777855424881777	-0.247021493370154	1.86320861531923	2	7	21	9	12
668	-0.130313469674249	-1.31851327353096	0.330916007958874	3	3	17	10	7
669	-0.489325553015368	0.769281326961402	2.68884788016774	2	3	13	10	6
670	-0.171017748355513	1.17640379470163	0.68776332265708	3	4	20	8	9
671	0.122488642638969	0.186729142837063	0.573518433734784	6	6	14	8	5
672	0.459208318808165	2.41534750991499	0.99941431018565	5	3	16	6	7
673	-0.534758870397036	0.393500996254968	0.881624363404514	6	5	13	10	9
674	-0.0173294793584507	-0.334881188199866	1.10898263829087	4	2	15	9	5
675	-0.486619158898102	-0.0216992390434766	0.36933637950317	8	3	18	10	5
676	0.486447796584829	-0.93659437850254	1.73151908231979	7	4	15	12	7
677	-0.0999315902436311	0.266245882431576	1.70307908646921	4	1	14	14	9
678	-0.157037626100944	-1.58318092990866	0.986566024387214	2	5	10	6	4
679	-0.839303402264314	0.475716554200762	2.89854955717593	5	3	12	13	5
680	-0.736539938335625	1.31773559174335	0.44788778791341	6	4	14	9	9
681	0.331014949668013	-1.09475435508932	0.497248881990501	4	2	11	7	6
682	1.81883255711081	2.00829622081188	1.7641186886599	8	5	23	9	6
683	-0.529478703842642	-0.186766097916941	0.589649189090367	3	3	16	8	5
684	2.29978807126314	0.311148649633382	1.94075085910669	8	5	11	9	3
685	-0.130859284585599	-1.42816513527394	0.392115352295626	4	5	19	5	6
686	1.67215402663034	-0.953677688246708	0.244694274760697	3	3	14	11	5
687	-1.50644174967522	-0.941405155262934	0.501665714181605	4	3	14	7	7
688	0.468625847469904	-1.01739694999921	0.35609797384744	1	8	15	14	10
689	-2.18130104040769	0.212623733616581	3.97789694762467	2	3	14	13	7
690	0.535246792996037	0.829240799306872	2.65500551562613	3	4	18	6	10
691	-0.488413171839399	-1.20969302396316	1.32326441816816	4	5	14	11	9
692	1.04454401201082	0.833620740763159	1.25343597504052	7	6	15	6	8
693	0.0014228907131779	-0.863012427752644	1.19999790501471	3	4	14	11	3
694	0.794466089957021	-0.285130474958951	0.469657371827107	3	2	21	10	3
695	2.14840660040694	-0.0857168858634402	1.97243396135951	7	10	22	5	10
696	-0.749335517852841	0.485651754761314	0.409218150641545	4	3	10	12	6
697	-2.21521725375828	0.30168825651274	0.242277745525605	4	3	16	9	5
698	-0.815259166750554	0.0163973628479186	0.420724490332876	1	4	19	14	7
699	0.206046129759611	0.132100948074407	0.473325649358505	2	3	18	14	7
700	1.16598522672267	-0.247615410857418	7.38116494784073	7	3	22	14	8
701	-0.163825585787351	0.844001271000299	0.576516538336343	4	3	21	6	10
702	1.0701377680623	-0.0613379285550462	1.71686204688548	5	7	13	11	2
703	-0.108907183171806	-1.77283622320482	0.450686717315841	6	4	14	8	3
704	0.928458904158787	-1.27803881175416	0.653132107169609	1	6	12	11	10
705	-0.676156047132541	-0.348671910828588	0.934822077734489	4	2	10	9	7
706	-0.608129930196803	-0.512088845466452	0.922477177910594	3	0	7	6	8
707	0.921243083955629	0.992141464232763	1.3490723590412	3	2	10	13	7
708	-0.0264555226984771	1.35981627618437	0.60845305858706	2	2	16	7	13
709	0.315264453020591	0.842774966907683	1.24891230359027	6	9	7	11	8
710	0.326596431664855	1.73287358347682	1.78077528028304	5	2	15	7	6
711	-0.621515453947706	-0.548751974872303	1.94731654481084	5	5	18	12	8
712	-0.774416771904728	0.027245564412711	0.265194297493226	4	9	11	15	12
713	0.342387747107378	0.674810356548091	1.55362405569009	5	3	14	11	7
714	-3.5247592614315	-0.635884332289753	4.68820306267458	2	4	14	11	8
715	1.09418744615844	-1.04470815406708	1.3260110364548	5	1	9	16	14
716	-0.58125399294022	0.0395743263536113	0.976429583138629	4	2	13	12	5
717	0.728666286670549	0.798887090849539	1.17729853776008	1	4	13	8	11
718	-0.297817448255358	-0.20928637873504	5.27572557802578	4	2	15	10	5
719	-0.237014909140249	1.23989193665566	1.08671837767025	3	6	12	6	8
720	-1.59182758174906	0.412894184205191	2.10088429459134	3	1	18	7	11
721	0.732446591148284	-0.266837180542353	0.751744211938653	2	5	15	10	11
722	-2.06761569376855	-0.378352132926616	0.62757788888222	5	4	17	14	5
723	0.0668368322583072	0.334453436645018	0.212531993331246	2	1	17	5	4
724	-0.244483049492668	0.709425264797759	0.316573546544787	6	5	16	8	12
725	2.43135960896748	-0.331625685695478	0.494413402336074	5	5	16	9	9
726	1.36131648695229	-1.45870729880177	1.01351719416961	5	4	18	9	3
727	-0.903256249805909	0.486559031919402	0.871885464616359	4	1	18	8	4
728	-1.18933971792754	1.23902066877689	0.677727501327035	3	4	12	5	9
729	1.23709790359149	-0.05156924482568	0.677191396787275	2	7	9	9	8
730	1.65184742762098	0.401546432512585	0.464764493051908	7	4	13	14	5
731	-2.16134821176962	0.17520019300366	1.70121220466158	4	6	23	6	4
732	0.467584383726641	-1.2468328964358	1.50480882323656	3	7	14	12	7
733	-1.22394882392319	0.484378727412323	0.509266376362054	3	3	14	11	4
734	1.91138728257601	0.480542811536383	0.385236394100487	5	5	15	11	6
735	-0.229795231077958	0.302197952370054	0.539887191216372	5	6	20	11	6
736	-0.429512576722622	0.425357393818656	1.28205694588561	2	3	17	13	6
737	-0.314479208252551	0.41225341456597	1.87197654623138	4	6	13	13	9
738	0.383506018243458	-0.574088310996352	4.73547392051014	2	5	18	15	15
739	-1.75525584078022	-0.876241847609148	0.672028456773574	3	4	10	7	5
740	0.868246144785376	-0.712974314031848	0.73052936089522	5	5	13	4	6
741	0.0654372787915862	-1.11840485188484	0.94176218964905	2	4	20	7	5
742	-0.807930588835714	-1.75168126009633	2.44980778025614	4	3	10	11	9
743	0.084805759236062	0.309505625350905	3.99912041086491	2	6	8	8	13
744	2.01964998165676	0.840337007304234	1.17106306571016	4	3	18	7	8
745	2.14224626722375	-0.130027769282274	0.0751604579205829	5	6	11	12	3
746	-4.08097244993442	0.336507881892317	0.401073757911569	9	7	9	9	4
747	-1.78374801126307	-0.508756261029395	0.649970917523379	1	4	11	14	7
748	1.19691447598355	-0.0606847858335343	0.224024749190561	5	6	17	7	7
749	-0.376061272562818	0.513132737403966	1.69862255177758	8	3	17	10	7
750	1.63178611833027	0.42324019300387	4.81807616540202	3	4	15	11	2
751	0.477814741096707	-0.497082945717581	0.41854164473675	3	4	21	8	8
752	-0.811040752248341	-0.910642193805208	1.23166008365661	3	4	17	16	6
753	-0.722326605967057	1.70272406480304	0.298439896294332	3	3	23	15	8
754	3.10323506520895	1.04251780917708	1.8291501614039	4	3	14	7	5
755	0.51975874176329	0.177342763589395	2.06147734476923	6	2	11	5	4
756	-0.959499689477871	0.676350615056969	3.08050347291401	0	3	12	13	11
757	0.0610401793386962	0.362001643024222	0.991215071550496	3	4	15	8	12
758	1.50477025922693	-0.359042605465229	0.145019121763884	5	4	17	11	2
759	-1.02376951695869	-1.53050846537651	2.53484417908966	6	0	17	8	7
760	1.54924914875599	0.346805297310586	1.39071050528515	2	5	17	10	7
761	-0.865576068281504	-0.0234889271756231	1.06033356952591	4	3	13	10	4
762	1.06197673936666	-0.480470208346416	1.8187731231571	3	1	5	15	3
763	-0.636317643159602	0.725225841523821	0.715426816885812	5	3	15	11	9
764	-0.441873244140965	0.113322249329445	0.972319595098028	3	3	11	10	8
765	-0.325147449619029	-0.261077370597533	2.31016481000509	3	3	14	14	2
766	-0.737325206974252	-0.109418760323891	1.14552612386941	2	3	7	9	9
767	0.847934465353037	-0.125750310818979	0.736096629174762	3	0	15	11	7
768	0.811378723283567	1.94585237052772	1.05313250917552	3	4	14	5	7
769	0.347290198125409	0.419180045837832	0.583935368347719	6	2	15	13	3
770	0.444596548300859	-0.0548666842144903	0.79474256343732	7	2	13	8	7
771	-0.893672865665838	0.374506950460369	6.16137730148892	2	3	14	5	13
772	0.285260911010891	-0.156269828551211	2.14569720083239	4	3	14	12	6
773	-2.06731964410213	-1.74597184880577	0.937874216348558	4	4	18	9	7
774	-1.83662677730204	-0.072394334942232	0.556467564478589	2	3	16	11	5
775	1.52523380261226	-0.316617643969305	3.39646884186864	5	4	14	13	6
776	-1.49179330859427	-0.00385394332594086	0.56318032997876	3	4	18	8	8
777	-0.575139833364922	-0.154739686039479	0.237541187408787	2	4	7	13	9
778	-0.639302494937079	-0.820246666006377	0.953729820786743	6	5	10	12	8
779	0.172662226941528	-0.772784696917072	0.431948549146656	1	4	19	9	9
780	-0.940007906291036	-1.01463342731799	0.175389561810249	3	5	16	11	6
781	-0.918507535619049	-0.339907214801515	1.29692628534738	4	3	17	6	7
782	-0.231565573065287	-0.97186472610539	0.90058253208095	5	4	10	11	6
783	0.691409719309404	1.16617544212447	1.09032408758305	4	5	24	5	9
784	-0.163667516655001	1.5194947484258	0.858935581456128	5	3	17	10	3
785	0.121900728882001	-0.972952775382034	1.12147584919202	2	4	12	6	9
786	0.422412676794799	-3.0532130681432	1.10194199663745	3	4	16	12	9
787	-0.144624924316989	-1.0756277942191	0.658640152446668	1	6	15	5	9
788	0.344665289700733	-1.26857023881145	0.847339828183043	4	6	14	10	5
789	-0.382895427733895	0.244012066617111	1.03616075440421	7	3	15	7	6
790	-0.802084637022611	0.88355018280014	0.447475067416035	0	6	8	14	6
791	-0.150753994675357	0.748156373429647	0.839568312212636	4	4	19	9	2
792	0.929560437972397	-0.814825568260823	2.2344418970571	2	3	13	7	7
793	0.539652891216759	0.164519656291353	0.932901699009803	7	2	20	6	13
794	0.0614801261731855	0.429138418161005	0.143169977296462	4	3	15	9	6
795	3.31695268427723	0.188468626810746	1.17268028481572	3	2	12	10	9
796	-0.671558431350858	0.596371728493794	0.278732414784227	4	3	20	6	10
797	-2.38366276735909	-0.639534528182779	7.50060823957515	2	1	12	12	5
798	1.04599273793045	1.16302874119081	1.77697949732104	5	5	13	11	6
799	0.465376738553429	0.72243054320303	0.314900149965132	4	5	15	10	7
800	0.0315044514558465	-0.330279978883313	1.59027989247285	8	6	20	13	3
801	0.164604591934	0.689523590023624	0.742596586604563	3	7	11	8	4
802	-3.90184791566116	0.694070093049345	1.63332600607604	4	3	13	13	5
803	0.226919342124181	-1.55273085975376	0.338308443759069	2	7	18	13	3
804	2.01369381388135	2.1957764290918	0.806232781333228	3	8	13	12	11
805	-0.0381331318818934	-0.652821770306192	6.34307459156983	0	5	16	6	8
806	-3.92481795535851	-1.04389130230403	1.37306234947512	3	4	18	7	9
807	0.893987217648032	0.716608655776815	0.643732397774626	5	1	18	4	8
808	-0.342575322124532	0.798193980932759	0.612350627475748	4	2	15	5	6
809	0.843797996367508	-0.348572018622488	0.716654329004731	4	4	19	13	1
810	-2.44788317513208	0.985692392120848	1.00908627169001	2	5	12	8	9
811	-0.147707999977636	-0.180157234600935	0.660951884948988	8	8	15	10	6
812	1.49459779240263	-0.0636474569065415	0.393047025834811	4	4	15	7	9
813	-0.60921304033568	1.14716337101726	0.632901343107918	1	4	20	17	10
814	-0.868188857662979	-0.72511185243928	1.93822821093282	4	4	18	9	7
815	-0.507415060067491	0.760045592053049	0.557432237486081	2	1	21	9	5
816	-0.803751334737785	-0.276370074280542	1.11744345286825	2	4	11	7	3
817	-1.0368564517832	2.24327106254698	0.827084187758	1	5	14	9	0
818	0.518680842238964	0.984258682398626	4.7382575009397	1	3	16	8	10
819	0.355760382484077	-1.19146066772654	0.0868039791914927	1	6	13	5	8
820	-0.276905340162231	-1.49729649551514	3.14236910660494	4	2	15	9	11
821	-1.76245176095483	-0.332141447604066	2.55797660776267	4	2	21	9	7
822	-0.743875440219547	1.87659342079916	1.63273785047789	3	4	11	10	5
823	0.0265610101997113	0.0695262800260709	1.95243810621105	4	3	22	8	6
824	-0.337339407586141	-1.02670257733856	0.273359728327446	7	4	10	18	6
825	-0.902004855396657	1.09089833928858	1.79399938192062	2	3	17	11	7
826	-2.73576076801446	-0.442967314501388	2.0317400424243	7	4	16	9	12
827	0.692179026242189	-0.501458822606924	3.3680420456565	2	5	20	9	4
828	0.478316289902775	0.48020398219962	1.18760138881959	3	3	12	8	8
829	0.028036771927331	1.44515932804102	1.0037384071322	1	5	17	9	15
830	-0.653215540219392	0.7420490065618	1.37387069871991	4	4	19	16	5
831	0.164516297014218	-1.43102094301747	0.588567695149652	3	5	17	9	9
832	-0.130861955275895	-0.0666008686579385	7.77950147710802	6	5	18	7	10
833	0.852614653205501	-1.09067735832937	1.8574378044857	2	5	11	4	7
834	1.11164234025513	2.10038741756833	1.03463164060174	5	2	15	5	8
835	-0.458381824250586	-1.57236177057848	1.09581709432994	8	3	16	11	7
836	-0.984280437634482	-0.286376974022315	0.575296416692778	5	4	13	7	7
837	-0.184665717492678	-0.762120135097921	0.402475180998698	3	3	20	11	9
838	-0.0512250254358839	1.82357980601093	2.35297561671313	3	2	14	8	10
839	0.490442408010559	-0.48845174364849	3.78721337433273	5	1	17	11	13
840	0.672556747243897	0.316549463998723	0.533355199576826	4	4	22	9	8
841	0.414525558982697	0.797660322677286	1.66372826543069	4	6	11	14	8
842	2.13472749691686	0.759829630403355	0.797847063357448	3	3	16	9	5
843	0.796132849534146	-0.596689130806184	0.704353119916652	3	7	12	12	8
844	0.21218283170838	0.550809955606286	1.09543267825661	4	4	21	11	8
845	-0.12788253877005	1.13421066294448	0.484484072261122	7	8	18	19	7
846	-0.311119000546034	-0.985558501889294	0.164762589369553	1	3	11	11	9
847	0.345855592000787	0.223304535555511	0.743000867075794	5	3	18	12	1
848	1.15439630629499	0.184067579412522	0.827315918285228	4	2	15	9	10
849	1.08297259440241	0.25585946220727	0.493035475194062	3	3	16	8	7
850	-1.36876573795943	0.181921429759893	1.23032792662655	5	6	17	11	8
851	-0.810075830684907	-1.66256513090637	1.28686980309843	2	3	18	10	11
852	-0.0528296048059282	-2.08194090479672	5.70583759179951	2	4	14	11	6
853	-0.839508313593488	0.764321168641311	1.06299596819657	3	3	14	13	5
854	-2.18299681307892	0.224702305680824	0.975558973477767	3	3	11	9	8
855	-2.16835909204177	-0.209889931543119	0.88081041807963	3	4	8	10	9
856	1.41757519315201	-0.863376581831254	6.491870699673	6	6	17	14	11
857	0.982721353762221	-0.89739171422733	0.113693049714282	4	3	7	10	14
858	-1.74016642295501	-0.953448739785146	1.34137180494403	4	4	15	3	7
859	0.6671375259152	0.413020376168114	0.385742907100577	1	4	15	9	10
860	-0.345406214889093	-0.591126956155576	1.56941466743671	7	5	16	8	7
861	0.234272563132095	0.516542394121877	1.03831300763052	1	5	13	14	5
862	0.10249142452306	0.687158975337201	2.58906445888146	4	6	14	15	4
863	2.09440850094378	1.38558915941524	0.506600680155833	4	7	14	6	7
864	0.350413550649951	-0.446449618607779	0.807128034780406	3	3	14	9	8
865	-0.674082038046534	-0.548775719167846	0.320376947483833	5	4	13	7	9
866	0.233761912480539	0.306134714376152	1.06161590057082	2	6	13	12	7
867	0.237766411359418	-0.146729821149022	0.341866517420136	2	1	15	17	6
868	-1.4559789617741	-0.836397039810814	0.969209622136536	5	6	15	12	6
869	0.0654301457440698	0.22467353248807	0.76049180305854	5	3	17	11	8
870	0.291356461762613	1.16645377920637	5.34452373173757	6	2	18	10	6
871	1.66939969732381	1.20578830654997	0.829706409414961	6	4	13	15	5
872	0.760254172750885	0.927054685951445	1.93088175343689	5	5	11	14	7
873	-1.31959612884067	-0.407154144147371	0.179147543611431	2	3	11	17	3
874	0.0890016444459537	0.782075815836603	1.41537913503285	9	3	17	12	8
875	-0.51856719730161	-0.226551478042232	0.306413232581171	3	4	14	8	1
876	-0.755298546182278	0.875439756901345	1.01461433289928	3	6	16	5	5
877	0.166457543535855	0.0571771820425178	1.44865773970448	5	5	7	10	10
878	-0.711813418039299	0.0712636230620111	0.593035510185268	4	2	17	13	4
879	1.85883911014687	-2.09173238738924	7.73650599622978	3	4	12	12	10
880	0.155995068001387	1.02694860467554	0.53872081962218	6	5	13	12	7
881	-0.861450855175586	0.444529828646049	1.29842021642793	6	5	12	8	8
882	-0.705898631666166	-0.835886765348627	1.73314577300956	1	2	20	13	6
883	-0.752565129779991	0.632291090263022	1.60307417435956	4	4	12	10	8
884	-1.10558813094165	-2.16557058050973	1.85744128087471	4	6	14	9	8
885	-0.887205263510129	1.34560563827318	1.27872655189893	4	3	17	8	8
886	-0.124200631185448	-0.0541212930914071	0.60230076999991	1	4	11	9	8
887	-1.98335194123689	-1.31960497410784	2.41769825863482	2	4	18	13	3
888	0.0921655397719837	1.80075176798823	1.9193740447805	2	3	15	9	11
889	-0.503736460147641	-0.253906551807565	1.4552479748367	3	6	12	16	7
890	-0.219736375951102	0.124345600924823	2.47733212326588	3	6	10	11	5
891	0.183866580823222	0.384912447765777	2.35876771061344	5	5	22	10	2
892	-0.934012641805977	0.328062432615992	1.04857552171925	6	5	8	6	1
893	-1.79931967847815	1.26172927203513	0.620030676441713	6	4	8	12	3
894	0.843086321818485	0.276131474395853	1.62653033955439	2	1	18	15	5
895	-0.808208136614713	1.24837686861114	0.706224449022371	4	3	15	10	6
896	-3.23907136734314	-1.17224918404143	3.32592174125188	4	5	19	9	4
897	1.5620686128933	1.16850409398276	0.579510386697665	5	2	20	7	6
898	1.01146190492506	0.126752946892524	1.67706304742806	4	4	11	10	10
899	0.0117996295135367	0.834862686546218	0.130370212402109	4	3	9	16	5
900	0.0408267372416108	-0.801251058899963	1.13525247488323	4	4	17	5	6
901	0.83030406936655	-0.912494831482106	4.70254305409055	4	2	16	9	8
902	-0.17963758597812	-0.430069738663603	8.65952871303353	3	2	23	15	9
903	-0.479340454527299	-1.59132839727363	1.07770867510693	1	3	15	12	7
904	1.80056411149794	0.962179197585046	0.561687006413829	4	6	14	6	10
905	-0.651403451984043	0.723379384884431	0.470248847334538	4	6	13	10	7
906	-1.11233693464616	-0.464798855491796	4.33444537933287	4	3	15	7	6
907	-1.13327741292638	-0.438241962730563	2.32366765198874	2	4	15	9	8
908	-2.12821000056065	-2.0230331592885	1.91852417020596	5	4	16	10	7
909	1.91784317359837	1.00727961536932	0.857786459134183	1	4	16	17	7
910	-1.01821535618858	-0.465950006921423	2.11486378560624	6	8	18	9	7
911	0.188732486819327	-0.993298082769152	0.685301612098866	4	2	19	9	4
912	-0.411766692442718	0.0658700732300065	3.0587100719438	3	5	11	8	4
913	-0.182579415583369	-0.278299449140314	0.915819830140839	5	7	26	18	9
914	-0.562647496910464	-0.564538448006266	0.446232166595904	6	3	16	7	4
915	-0.589398691482965	1.22431489628284	0.0782260245963447	3	2	11	5	6
916	0.419604997905366	0.00121793406408448	1.22773779339863	3	3	16	14	3
917	-0.675809864545416	-0.0101157317853986	1.46686791278346	8	3	17	7	15
918	-0.297663764899077	-0.656305356428601	1.03025657689622	4	7	13	10	7
919	-0.0411378855119107	0.522193790168454	0.282359719947302	2	5	15	8	8
920	-0.641870963795264	-1.01321477356432	0.0935350659313049	7	9	14	9	10
921	-0.401889362463341	0.365991726492173	1.45203803535306	2	6	12	7	4
922	0.215993103598742	-1.62237045485775	2.14955453711296	4	5	11	9	14
923	0.743931664407224	0.702588316278976	0.405220217388209	3	4	16	7	9
924	-0.411722088820053	0.710748502369001	0.77741390661364	5	4	19	12	7
925	0.156011845982355	-1.11312687957022	1.14932016928214	3	4	14	6	5
926	0.515917430703042	1.75892415286105	0.172772795184755	2	2	13	7	13
927	0.865959255631971	0.460017706764202	0.69582981546128	2	3	23	9	8
928	0.416265116207378	-1.89076507664942	2.36822970496283	2	7	11	14	7
929	0.714340204461968	-0.532150996155341	5.30399545574656	6	5	22	15	9
930	-0.73649696121602	0.0292477039541643	0.85686326058735	3	5	18	12	8
931	0.654339157580785	1.5314870735081	0.395251554855747	7	4	11	12	9
932	-0.0275604510192225	-0.00913324197165565	4.63065208695423	9	4	10	11	7
933	1.51031863920282	-0.727640470632556	0.0808419400832092	1	5	19	9	10
934	1.54708331130989	0.29551219600312	2.12493966600733	3	5	13	4	8
935	0.504417535768955	-1.47902900255937	2.61357916762298	2	6	17	12	11
936	0.917160094238736	-0.789811146816662	0.147416007925286	8	3	16	11	6
937	0.698588965899113	-0.62615928911275	0.900195156827631	0	3	14	14	5
938	1.60313169852264	2.00841928078969	0.902846941026484	6	2	9	5	9
939	1.59620403537988	1.74135609245399	1.62150223288801	4	2	15	11	9
940	0.129870922891829	-0.181876355974031	2.18159488043642	3	3	19	11	6
941	0.970792481407073	-0.909749110220825	1.66722810062914	5	6	9	8	9
942	0.00873580250528983	-1.09808293187017	3.20848349571885	3	5	13	3	3
943	-1.48986904965188	0.297827535250288	0.0324984097173021	6	4	10	13	4
944	-1.66679033285652	-0.650444918392174	0.888765381817091	5	2	16	4	13
945	0.900796003682541	-1.20134098981622	1.35894395756876	3	2	24	13	10
946	0.0722753343681717	0.159890566043989	1.83423709717041	2	4	12	10	6
947	0.275949135045556	1.10941237783487	9.94236599274759	3	4	13	10	9
948	-1.85776786617869	0.487244174895693	2.19005665259298	3	3	28	16	8
949	1.5090560987159	0.597767729362926	0.190098181268463	2	2	11	11	7
950	-0.517023683364457	0.725928243202216	0.249679668314319	7	2	9	12	6
951	0.220723646482544	-1.6152516469165	0.916678283596164	2	6	18	14	8
952	-0.512734797234909	-1.45869689592044	1.36036780899539	3	5	19	13	7
953	1.24835916866861	-0.748658847437145	5.25431332587605	8	5	17	14	10
954	0.316500375984986	-0.228476989486211	2.74577251889707	2	4	16	11	2
955	0.646025411710542	0.502813556002956	1.54793525580351	4	2	18	12	7
956	-1.4961128080682	-0.557397484488276	0.059383804767657	3	3	20	10	7
957	0.356108834780998	-1.73377171506306	4.11415786146549	3	5	18	10	5
958	1.82820920215494	0.311739784755932	1.52448106743654	4	6	16	11	4
959	-0.125650094917988	-0.29089402891064	1.0700767840943	3	5	14	10	6
960	-1.2305407045001	1.35314934190972	1.18940510811095	3	5	12	11	6
961	-2.51014764773705	1.55671446721136	0.164538971148869	8	2	17	8	7
962	0.315947232385075	-1.73004516943552	1.28945404297073	4	10	18	11	3
963	-0.00300190043901737	-0.0745485128816294	3.59989721320728	4	1	14	8	5
964	-0.683700861535586	0.450456295183749	0.768806783757793	6	5	17	9	8
965	-1.21782006240422	1.03833788343772	0.879658262248894	6	3	15	10	5
966	-1.11354244081453	0.452013516527627	2.32508893511002	7	7	15	9	7
967	-0.43923325767029	0.333398500164974	0.339272163898827	6	4	19	13	6
968	-0.793698488699926	-0.485931547793655	19.1761130112558	5	5	14	9	5
969	-0.596938355542383	-0.515637058867762	21.8795275376638	7	4	17	7	9
970	-1.11603861419265	0.123204101084142	0.432918817763272	6	2	15	12	8
971	0.355400899062597	0.513308766880867	0.477871878727535	7	6	22	5	5
972	-1.19680645224146	0.90215636271324	0.65910505761376	6	4	21	16	4
973	-0.148017996834591	0.369721189996958	0.396404502547537	4	4	22	11	8
974	1.70677580246096	-1.77926575137489	0.723597904330159	3	7	14	12	4
975	-0.225837087040449	0.127855632622708	0.988790075955695	3	4	14	5	9
976	-0.479776026920459	-1.27393781888705	0.338738287747024	6	2	16	7	6
977	0.305119999298196	-0.550397792580471	0.818406791173721	2	3	13	10	10
978	0.173734460699404	-0.101207969240771	1.29157027576364	7	4	9	7	15
979	-0.0348660495662193	0.0328110908429925	1.60361387100987	5	6	16	8	5
980	-0.435102091847378	-1.08423625480009	0.469868546672516	5	3	16	8	10
981	0.926240890553204	1.92612716338017	0.525711656368322	4	5	7	11	7
982	1.08908247269392	0.130738952235294	0.729546712506877	5	4	14	3	5
983	-0.594300004530375	-1.3858150851886	0.615393769795176	4	1	20	11	5
984	-1.35703923964644	0.412321064489273	0.587999701169575	1	5	14	8	9
985	-0.462518379349847	-0.72223473101468	0.722534980358936	3	4	21	11	9
986	-1.6893970019336	0.456706485364358	0.882649752455625	2	3	17	6	11
987	-0.667520678248875	-0.904261197749374	0.385356183658	2	7	15	8	5
988	1.34759633517222	1.95327536689437	0.460375652942575	4	4	15	8	5
989	-0.462776859285042	1.17078076770102	2.63572200897312	1	4	15	10	6
990	0.0155891000768302	-0.578913259156696	0.801642962121513	5	5	21	11	11
991	2.00672779552074	0.307815627679883	1.85968400887565	3	4	11	9	4
992	-1.79210153255147	-0.14787103458281	2.03814907553477	6	3	15	6	8
993	-0.455128179698617	-0.68067433125866	7.46353016273383	8	5	12	9	12
994	-1.69861011053311	0.22011093538975	1.06591089665415	4	2	16	6	7
995	-1.32845765975855	-1.39538346097345	0.291292125433728	3	4	9	9	7
996	-1.22593124418445	0.339067401413973	0.658479517621692	4	6	19	12	10
997	-0.224055950231579	0.364334060567661	2.47033175430021	7	3	14	7	6
998	0.753101065969148	0.0229602308079637	0.0834503344469531	5	2	19	7	4
999	2.58801107041812	1.66889121553641	0.902933519467531	2	5	13	11	5
1000	0.57102264029774	0.200246672849858	0.564867750764365	5	4	14	13	11
